{
  "nbformat": 4,
  "nbformat_minor": 0,
  "metadata": {
    "colab": {
      "provenance": [],
      "authorship_tag": "ABX9TyN1PtqERlPcxOeK5zY5yBD0",
      "include_colab_link": true
    },
    "kernelspec": {
      "name": "python3",
      "display_name": "Python 3"
    },
    "language_info": {
      "name": "python"
    }
  },
  "cells": [
    {
      "cell_type": "markdown",
      "metadata": {
        "id": "view-in-github",
        "colab_type": "text"
      },
      "source": [
        "<a href=\"https://colab.research.google.com/github/PedroAlves7/CaxeiroViajante/blob/main/Caxeiro.ipynb\" target=\"_parent\"><img src=\"https://colab.research.google.com/assets/colab-badge.svg\" alt=\"Open In Colab\"/></a>"
      ]
    },
    {
      "cell_type": "code",
      "execution_count": null,
      "metadata": {
        "colab": {
          "base_uri": "https://localhost:8080/"
        },
        "id": "Ueo738ZeG6EU",
        "outputId": "a320ffb8-a225-49be-a397-c11ab895735e"
      },
      "outputs": [
        {
          "output_type": "stream",
          "name": "stdout",
          "text": [
            "Melhor caminho encontrado: [ 1 12 13 14 15 10  5  6  7 11 18 17 16  9  4  3  2  8]\n",
            "Melhor distância encontrada: 455.0\n"
          ]
        }
      ],
      "source": [
        "import numpy as np\n",
        "\n",
        "# Parâmetros do algoritmo\n",
        "num_formigas = 50  # Número de formigas\n",
        "num_iteracoes = 100  # Número de iterações\n",
        "taxa_evaporacao = 0.5  # Taxa de evaporação do feromônio\n",
        "alfa = 1  # Influência do feromônio\n",
        "beta = 2  # Influência da distância\n",
        "\n",
        "#cidade[0,1] = 20\n",
        "\n",
        "\n",
        "# Matriz de distâncias entre as cidades\n",
        "#distancias = np.array([\n",
        "#    [0, 2, 3, 5],\n",
        "#    [2, 0, 4, 8],\n",
        "#    [3, 4, 0, 6],\n",
        "#    [5, 8, 6, 0]\n",
        "#])\n",
        "\n",
        "distancias = np.array([\n",
        "    [0, 20, 999999, 999999, 999999, 999999, 999999, 29, 999999, 999999, 999999, 29, 37, 999999, 999999, 999999, 999999, 999999],\n",
        "    [20, 0, 25, 999999, 999999, 999999, 999999, 28, 999999, 999999, 999999, 39, 999999, 999999, 999999, 999999, 999999, 999999],\n",
        "    [999999, 25, 0, 25, 999999, 999999, 999999, 30, 999999, 999999, 999999, 999999, 54, 999999, 999999, 999999, 999999, 999999],\n",
        "    [999999, 999999, 25, 0, 39, 32, 42, 999999, 23, 33, 999999, 999999, 999999, 56, 999999, 999999, 999999, 999999],\n",
        "    [999999, 999999, 999999, 39, 0, 12, 26, 999999, 999999, 19, 999999, 999999, 999999, 999999, 999999, 999999, 999999, 999999],\n",
        "    [999999, 999999, 999999, 32, 12, 0, 17, 999999, 999999, 35, 30, 999999, 999999, 999999, 999999, 999999, 999999, 999999],\n",
        "    [999999, 999999, 999999, 42, 26, 17, 0, 999999, 999999, 999999, 38, 999999, 999999, 999999, 999999, 999999, 999999, 999999],\n",
        "    [29, 28, 30, 999999, 999999, 999999, 999999, 0, 999999, 999999, 999999, 25, 22, 999999, 999999, 999999, 999999, 999999],\n",
        "    [999999, 999999, 999999, 23, 999999, 999999, 999999, 999999, 0, 26, 999999, 999999, 34, 37, 999999, 43, 999999, 999999],\n",
        "    [999999, 999999, 999999, 33, 19, 35, 999999, 999999, 26, 0, 24, 999999, 999999, 30, 19, 999999, 999999, 999999],\n",
        "    [999999, 999999, 999999, 999999, 999999, 30, 38, 999999, 999999, 24, 0, 999999, 999999, 999999, 26, 999999, 999999, 36],\n",
        "    [29, 39, 999999, 999999, 999999, 999999, 999999, 25, 999999, 999999, 999999, 0, 27, 999999, 999999, 43, 999999, 999999],\n",
        "    [37, 999999, 54, 999999, 999999, 999999, 999999, 22, 34, 999999, 999999, 27, 0, 24, 999999, 19, 999999, 999999],\n",
        "    [999999, 999999, 999999, 56, 999999, 999999, 999999, 999999, 37, 30, 999999, 999999, 24, 0, 20, 19, 17, 999999],\n",
        "    [999999, 999999, 999999, 999999, 999999, 999999, 999999, 999999, 999999, 19, 26, 999999, 999999, 20, 0, 999999, 18, 21],\n",
        "    [999999, 999999, 999999, 999999, 999999, 999999, 999999, 999999, 43, 999999, 999999, 43, 19, 19, 999999, 0, 26, 999999],\n",
        "    [999999, 999999, 999999, 999999, 999999, 999999, 999999, 999999, 999999, 999999, 36, 999999, 999999, 999999, 21, 26, 0, 15],\n",
        "    [999999, 999999, 999999, 999999, 999999, 999999, 999999, 999999, 999999, 999999, 999999, 999999, 999999, 17, 18, 26, 15, 0]\n",
        "])\n",
        "\n",
        "\n",
        "# Inicialização dos feromônios\n",
        "feromonios = np.ones(distancias.shape) / len(distancias)\n",
        "\n",
        "# Loop principal\n",
        "for _ in range(num_iteracoes):\n",
        "    # Inicialização dos caminhos percorridos pelas formigas\n",
        "    caminhos = np.zeros((num_formigas, len(distancias)), dtype=int)\n",
        "\n",
        "    for k in range(num_formigas):\n",
        "        # Criação de um caminho para cada formiga\n",
        "        cidades_visitadas = [0]  # Começar na cidade 0\n",
        "        cidades_nao_visitadas = list(range(1, len(distancias)))\n",
        "\n",
        "        for _ in range(len(distancias) - 1):\n",
        "            # Escolha da próxima cidade baseada nas regras do ACO\n",
        "            probabilidade = (feromonios[cidades_visitadas[-1], cidades_nao_visitadas] ** alfa) * \\\n",
        "                ((1.0 / distancias[cidades_visitadas[-1], cidades_nao_visitadas]) ** beta)\n",
        "            probabilidade = probabilidade / np.sum(probabilidade)\n",
        "\n",
        "            proxima_cidade = np.random.choice(cidades_nao_visitadas, p=probabilidade)\n",
        "            cidades_visitadas.append(proxima_cidade)\n",
        "            cidades_nao_visitadas.remove(proxima_cidade)\n",
        "\n",
        "        caminhos[k] = cidades_visitadas\n",
        "\n",
        "    # Cálculo das distâncias percorridas por cada formiga\n",
        "    distancias_percorridas = np.zeros(num_formigas)\n",
        "    for k in range(num_formigas):\n",
        "        for i in range(len(distancias) - 1):\n",
        "            distancias_percorridas[k] += distancias[caminhos[k, i], caminhos[k, i + 1]]\n",
        "        distancias_percorridas[k] += distancias[caminhos[k, -1], caminhos[k, 0]]\n",
        "\n",
        "    # Atualização dos feromônios\n",
        "    feromonios *= taxa_evaporacao\n",
        "    for k in range(num_formigas):\n",
        "        for i in range(len(distancias) - 1):\n",
        "            feromonios[caminhos[k, i], caminhos[k, i + 1]] += 1.0 / distancias_percorridas[k]\n",
        "        feromonios[caminhos[k, -1], caminhos[k, 0]] += 1.0 / distancias_percorridas[k]\n",
        "\n",
        "# Melhor caminho encontrado\n",
        "melhor_caminho = caminhos[np.argmin(distancias_percorridas)]\n",
        "melhor_distancia = np.min(distancias_percorridas)\n",
        "\n",
        "print(\"Melhor caminho encontrado:\", melhor_caminho + 1)\n",
        "print(\"Melhor distância encontrada:\", melhor_distancia)"
      ]
    },
    {
      "cell_type": "code",
      "source": [
        "import numpy as np\n",
        "\n",
        "# Parâmetros do algoritmo\n",
        "num_formigas = 50  # Número de formigas\n",
        "num_iteracoes = 100  # Número de iterações\n",
        "taxa_evaporacao = 0.5  # Taxa de evaporação do feromônio\n",
        "alfa = 1  # Influência do feromônio\n",
        "beta = 2  # Influência da distância\n",
        "\n",
        "# Matriz de distâncias entre as cidades\n",
        "distancias = np.array([\n",
        "    [0, 20, 999999, 999999, 999999, 999999, 999999, 29, 999999, 999999, 999999, 29, 37, 999999, 999999, 999999, 999999, 999999],\n",
        "    [20, 0, 25, 999999, 999999, 999999, 999999, 28, 999999, 999999, 999999, 39, 999999, 999999, 999999, 999999, 999999, 999999],\n",
        "    [999999, 25, 0, 25, 999999, 999999, 999999, 30, 999999, 999999, 999999, 999999, 54, 999999, 999999, 999999, 999999, 999999],\n",
        "    [999999, 999999, 25, 0, 39, 32, 42, 999999, 23, 33, 999999, 999999, 999999, 56, 999999, 999999, 999999, 999999],\n",
        "    [999999, 999999, 999999, 39, 0, 12, 26, 999999, 999999, 19, 999999, 999999, 999999, 999999, 999999, 999999, 999999, 999999],\n",
        "    [999999, 999999, 999999, 32, 12, 0, 17, 999999, 999999, 35, 30, 999999, 999999, 999999, 999999, 999999, 999999, 999999],\n",
        "    [999999, 999999, 999999, 42, 26, 17, 0, 999999, 999999, 999999, 38, 999999, 999999, 999999, 999999, 999999, 999999, 999999],\n",
        "    [29, 28, 30, 999999, 999999, 999999, 999999, 0, 999999, 999999, 999999, 25, 22, 999999, 999999, 999999, 999999, 999999],\n",
        "    [999999, 999999, 999999, 23, 999999, 999999, 999999, 999999, 0, 26, 999999, 999999, 34, 37, 999999, 43, 999999, 999999],\n",
        "    [999999, 999999, 999999, 33, 19, 35, 999999, 999999, 26, 0, 29, 999999, 999999, 999999, 999999, 999999, 999999, 999999],\n",
        "    [999999, 999999, 999999, 999999, 999999, 30, 38, 999999, 999999, 29, 0, 999999, 999999, 999999, 20, 999999, 999999, 999999],\n",
        "    [29, 39, 999999, 999999, 999999, 999999, 999999, 25, 999999, 999999, 999999, 0, 999999, 999999, 999999, 999999, 999999, 999999],\n",
        "    [37, 999999, 54, 999999, 999999, 999999, 999999, 22, 34, 999999, 999999, 999999, 0, 999999, 999999, 999999, 999999, 999999],\n",
        "    [999999, 999999, 999999, 56, 999999, 999999, 999999, 999999, 37, 999999, 999999, 999999, 999999, 0, 999999, 35, 999999, 24],\n",
        "    [999999, 999999, 999999, 999999, 999999, 999999, 999999, 999999, 999999, 999999, 20, 999999, 999999, 999999, 0, 999999, 999999, 18],\n",
        "    [999999, 999999, 999999, 999999, 999999, 999999, 999999, 999999, 43, 999999, 999999, 999999, 999999, 35, 999999, 0, 21, 999999],\n",
        "    [999999, 999999, 999999, 999999, 999999, 999999, 999999, 999999, 999999, 999999, 999999, 999999, 999999, 999999, 999999, 21, 0, 19],\n",
        "    [999999, 999999, 999999, 999999, 999999, 999999, 999999, 999999, 999999, 999999, 999999, 999999, 999999, 24, 18, 999999, 19, 0]\n",
        "])\n",
        "\n",
        "num_cidades = len(distancias)  # Número de cidades\n",
        "\n",
        "# Inicialização dos feromônios\n",
        "feromonios = np.ones((num_cidades, num_cidades))\n",
        "\n",
        "# Função para calcular a probabilidade de escolha de uma cidade\n",
        "def calcular_probabilidade(cidade_atual, cidades_restantes):\n",
        "    denominador = np.sum((feromonios[cidade_atual, cidades_restantes] ** alfa) * ((1.0 / distancias[cidade_atual, cidades_restantes]) ** beta))\n",
        "    probabilidades = ((feromonios[cidade_atual, cidades_restantes] ** alfa) * ((1.0 / distancias[cidade_atual, cidades_restantes]) ** beta)) / denominador\n",
        "    return probabilidades\n",
        "\n",
        "# Loop principal\n",
        "melhor_distancia = np.inf\n",
        "melhor_caminho = []\n",
        "\n",
        "for _ in range(num_iteracoes):\n",
        "    caminhos = np.zeros((num_formigas, num_cidades), dtype=int)\n",
        "\n",
        "    for i in range(num_formigas):\n",
        "        visitados = []\n",
        "        cidade_atual = np.random.randint(num_cidades)\n",
        "        visitados.append(cidade_atual)\n",
        "\n",
        "        for _ in range(num_cidades - 1):\n",
        "            cidades_restantes = list(set(range(num_cidades)) - set(visitados))\n",
        "            probabilidades = calcular_probabilidade(cidade_atual, cidades_restantes)\n",
        "            proxima_cidade = np.random.choice(cidades_restantes, p=probabilidades)\n",
        "            visitados.append(proxima_cidade)\n",
        "            cidade_atual = proxima_cidade\n",
        "\n",
        "        caminhos[i] = visitados\n",
        "\n",
        "    distancias_caminhos = np.zeros(num_formigas)\n",
        "\n",
        "    for i in range(num_formigas):\n",
        "        for j in range(num_cidades - 1):\n",
        "            distancias_caminhos[i] += distancias[caminhos[i, j], caminhos[i, j + 1]]\n",
        "\n",
        "    melhor_formiga = np.argmin(distancias_caminhos)\n",
        "    melhor_distancia_iteracao = distancias_caminhos[melhor_formiga]\n",
        "\n",
        "    if melhor_distancia_iteracao < melhor_distancia:\n",
        "        melhor_distancia = melhor_distancia_iteracao\n",
        "        melhor_caminho = caminhos[melhor_formiga]\n",
        "\n",
        "    for i in range(num_formigas):\n",
        "        for j in range(num_cidades - 1):\n",
        "            feromonios[caminhos[i, j], caminhos[i, j + 1]] += 1.0 / distancias_caminhos[i]\n",
        "\n",
        "    feromonios *= taxa_evaporacao\n",
        "\n",
        "print(\"Melhor caminho encontrado:\", melhor_caminho + 1)\n",
        "print(\"Melhor distância encontrada:\", melhor_distancia)"
      ],
      "metadata": {
        "colab": {
          "base_uri": "https://localhost:8080/"
        },
        "id": "1oDYifSVU7_h",
        "outputId": "8aec3e86-2710-471f-bbdb-fa8c0fb17826"
      },
      "execution_count": null,
      "outputs": [
        {
          "output_type": "stream",
          "name": "stdout",
          "text": [
            "Melhor caminho encontrado: [13  8 12  1  2  3  4  9 10  5  6  7 11 15 18 17 16 14]\n",
            "Melhor distância encontrada: 394.0\n"
          ]
        }
      ]
    },
    {
      "cell_type": "code",
      "source": [
        "import numpy as np\n",
        "\n",
        "# Parâmetros do algoritmo\n",
        "num_formigas = 50  # Número de formigas\n",
        "num_iteracoes = 100  # Número de iterações\n",
        "taxa_evaporacao = 0.5  # Taxa de evaporação do feromônio\n",
        "alfa = 1  # Influência do feromônio\n",
        "beta = 2  # Influência da distância\n",
        "\n",
        "distancias = np.array([\n",
        "    [0, 20, 999999, 29, 29, 999999],\n",
        "    [20, 0, 25, 28, 39, 999999],\n",
        "    [999999, 25, 0, 30, 999999, 54],\n",
        "    [29, 28, 30, 0, 25, 22],\n",
        "    [29,39,999999, 25, 0, 27],\n",
        "    [999999, 999999, 54, 22, 27,0]\n",
        "])\n",
        "\n",
        "\n",
        "# Inicialização dos feromônios\n",
        "feromonios = np.ones(distancias.shape) / len(distancias)\n",
        "\n",
        "# Loop principal\n",
        "for _ in range(num_iteracoes):\n",
        "    # Inicialização dos caminhos percorridos pelas formigas\n",
        "    caminhos = np.zeros((num_formigas, len(distancias))).astype(int)\n",
        "\n",
        "    for k in range(num_formigas):\n",
        "        # Criação de um caminho para cada formiga\n",
        "        cidades_visitadas = [0]  # Começar na cidade 0\n",
        "        cidades_nao_visitadas = list(range(1, len(distancias)))\n",
        "\n",
        "        for _ in range(len(distancias) - 1):\n",
        "            # Escolha da próxima cidade baseada nas regras do ACO\n",
        "            probabilidade = (feromonios[cidades_visitadas[-1], cidades_nao_visitadas] ** alfa) * \\\n",
        "                ((1.0 / distancias[cidades_visitadas[-1], cidades_nao_visitadas]) ** beta)\n",
        "            probabilidade = probabilidade / np.sum(probabilidade)\n",
        "\n",
        "            proxima_cidade = np.random.choice(cidades_nao_visitadas, p=probabilidade)\n",
        "            cidades_visitadas.append(proxima_cidade)\n",
        "            cidades_nao_visitadas.remove(proxima_cidade)\n",
        "\n",
        "        caminhos[k] = cidades_visitadas\n",
        "\n",
        "    # Cálculo das distâncias percorridas por cada formiga\n",
        "    distancias_percorridas = np.zeros(num_formigas)\n",
        "    for k in range(num_formigas):\n",
        "        for i in range(len(distancias) - 1):\n",
        "            distancias_percorridas[k] += distancias[caminhos[k, i], caminhos[k, i + 1]]\n",
        "        distancias_percorridas[k] += distancias[caminhos[k, -1], caminhos[k, 0]]\n",
        "\n",
        "    # Atualização dos feromônios\n",
        "    feromonios *= taxa_evaporacao\n",
        "    for k in range(num_formigas):\n",
        "        for i in range(len(distancias) - 1):\n",
        "            feromonios[caminhos[k, i], caminhos[k, i + 1]] += 1.0 / distancias_percorridas[k]\n",
        "        feromonios[caminhos[k, -1], caminhos[k, 0]] += 1.0 / distancias_percorridas[k]\n",
        "\n",
        "# Melhor caminho encontrado\n",
        "melhor_caminho = caminhos[np.argmin(distancias_percorridas)]\n",
        "melhor_distancia = np.min(distancias_percorridas)\n",
        "\n",
        "print(\"Melhor caminho encontrado:\", melhor_caminho + 1)\n",
        "print(\"Melhor distância encontrada:\", melhor_distancia)"
      ],
      "metadata": {
        "colab": {
          "base_uri": "https://localhost:8080/"
        },
        "id": "0RNLcZiLLFpP",
        "outputId": "ecfe80f7-5910-4ebd-bc77-9cf6211a59e3"
      },
      "execution_count": null,
      "outputs": [
        {
          "output_type": "stream",
          "name": "stdout",
          "text": [
            "Melhor caminho encontrado: [1 2 3 4 6 5]\n",
            "Melhor distância encontrada: 153.0\n"
          ]
        }
      ]
    }
  ]
}